intag=1024
xN=30.0
fa=0.500
lx=4.8989794855663562, ly=4.8989794855663562,  lz=4.8989794855663562
Nx=256, Ny=256, Nz=256
ds0=0.010
batch=1
